54 500 3
54 250 3
61 250 4
59 500 3
57 500 3
56 500 3
56 250 3
57 250 3
59 500 3
57 250 3
56 250 3
54 500 3
54 250 3
69 250 4
68 250 4
69 250 4
68 250 4
69 250 4
54 500 3
54 250 3
69 250 4
68 250 4
69 250 4
68 250 4
69 250 4
54 500 3
54 250 3
61 250 4
59 500 3
57 500 3
56 500 3
56 250 3
57 250 3
59 500 3
57 250 3
56 250 3
54 500 3
54 250 3
69 250 4
68 250 4
69 250 4
68 250 4
69 250 4
54 500 3
54 250 3
69 250 4
68 250 4
69 250 4
68 250 4
64 250 4
66 500 4
66 250 4
73 250 5
71 500 4
69 500 4
68 500 4
68 250 4
69 250 4
71 500 4
69 250 4
68 250 4
66 500 4
66 250 4
81 250 5
80 250 5
81 250 5
80 250 5
81 250 5
66 500 4
66 250 4
81 250 5
80 250 5
81 250 5
80 250 5
81 250 5
57 250 3
57 250 3
57 250 3
57 250 3
61 250 4
61 250 4
61 250 4
61 250 4
59 250 3
59 250 3
59 250 3
59 250 3
64 250 4
64 250 4
64 250 4
64 250 4
66 250 4
66 250 4
66 250 4
66 250 4
68 250 4
68 250 4
68 250 4
68 250 4
69 250 4
69 250 4
69 250 4
69 250 4
71 250 4
71 250 4
71 250 4
71 250 4
57 250 3
57 250 3
57 250 3
57 250 3
61 250 4
61 250 4
61 250 4
61 250 4
59 250 3
59 250 3
59 250 3
59 250 3
64 250 4
64 250 4
64 250 4
64 250 4
66 250 4
66 250 4
66 250 4
66 250 4
61 250 4
61 125 4
59 250 3
59 250 3
59 250 3
58 250 3
58 250 3
58 250 3
58 125 3
59 250 3
57 250 3
56 250 3
52 250 3
