50 375 3
50 375 3
50 250 3
50 375 3
50 375 3
50 250 3
52 375 3
52 375 3
52 250 3
52 375 3
52 375 3
52 250 3
54 375 3
54 375 3
54 250 3
54 375 3
54 375 3
54 250 3
54 375 3
54 375 3
54 250 3
52 375 3
52 375 3
52 250 3
50 375 3
50 375 3
50 250 3
50 375 3
50 375 3
50 250 3
53 375 3
53 375 3
53 250 3
53 375 3
53 375 3
53 250 3
54 375 3
54 375 3
54 250 3
54 375 3
54 375 3
54 250 3
58 375 3
58 375 3
58 250 3
58 375 3
58 375 3
58 250 3
50 375 3
50 375 3
50 250 3
50 375 3
50 375 3
50 250 3
52 375 3
52 375 3
52 250 3
52 375 3
52 375 3
52 250 3
54 375 3
54 375 3
54 250 3
54 375 3
54 375 3
54 250 3
57 375 3
57 375 3
57 250 3
57 375 3
57 375 3
57 250 3
50 250 3
50 250 3
50 250 3
50 250 3
50 250 3
50 250 3
50 250 3
50 250 3
52 250 3
52 250 3
52 250 3
52 250 3
52 250 3
52 250 3
52 250 3
52 250 3
54 250 3
54 250 3
54 250 3
54 250 3
53 250 3
53 250 3
53 250 3
53 250 3
52 250 3
52 250 3
52 250 3
52 250 3
51 375 3
51 375 3
51 250 3
50 250 3
50 250 3
50 250 3
50 250 3
50 250 3
50 250 3
50 250 3
50 250 3
52 250 3
52 250 3
52 250 3
52 250 3
52 250 3
52 250 3
52 250 3
52 250 3
54 250 3
54 250 3
54 250 3
54 250 3
54 250 3
54 250 3
54 250 3
54 250 3
54 250 3
54 250 3
54 250 3
54 250 3
